0.633502
1.213926
3.181636
0.642959
1.022677
0.778897
0.853064
1.366561
1.024858
0.854757
0.958631
0.950497
0.837678
1.092596
1.077705
0.779705
1.348675
0.945819
0.790497
1.587195
1.221922
1.477731
1.280608
1.595346
1.105571
0.767412
0.833449
0.900789
1.459383
1.457744
1.345567
0.600016
2.254070
1.715165
1.224076
1.059531
0.921404
1.495802
1.154826
0.980965
0.730338
1.435359
0.860398
0.969839
0.909675
1.125645
0.767326
0.748018
1.053033
1.307212
0.617863
0.658404
0.719176
1.936251
0.979792
1.625252
0.920525
0.746711
0.668536
1.343275
2.615295
1.155920
1.033132
1.450027
0.846190
1.897810
1.318030
1.157773
1.504702
0.811841
0.880614
0.805025
2.192348
0.757609
0.861563
1.350953
0.889447
1.358774
1.236729
0.967687
1.158955
1.047041
1.147664
1.239618
1.189020
2.409908
1.362251
1.599270
1.110865
1.535922
1.512319
1.051304
0.977424
1.157492
1.267298
1.285136
0.758070
1.291438
0.774366
1.081624
1.595894
1.134218
0.794027
0.783459
0.679601
0.988432
1.011554
0.846609
0.798072
0.773736
2.560814
1.412212
0.943179
0.839986
1.148740
1.494533
1.418320
2.435410
0.878562
1.336950
1.722236
0.908902
0.940417
1.161547
0.860206
