1.073415
0.454863
0.865273
0.551811
1.253357
0.477812
0.944219
1.705931
0.489168
0.499951
1.019693
0.684097
1.399689
0.643601
1.430676
0.955737
0.581990
1.734738
1.041557
1.003893
0.923202
1.116672
1.870863
1.033842
1.839599
0.859552
0.552425
1.097765
0.941276
0.778696
0.750947
1.189228
1.002815
1.034302
0.767712
0.852262
0.723240
0.797798
0.888640
0.840357
1.421651
0.730583
0.957749
1.554861
1.061815
1.156246
1.214855
0.959871
0.872670
0.985449
1.727475
1.006547
3.052011
0.728951
1.310574
1.002692
0.984550
1.639824
0.939712
1.214051
1.538592
0.999732
1.531479
1.146697
1.011469
0.653335
1.232804
1.047366
1.462604
0.703488
0.925990
0.879424
1.520382
1.101319
0.451481
0.826097
0.982356
1.055565
1.434009
0.783565
0.665763
1.604120
1.108752
0.720307
1.426964
0.567878
0.959860
1.396643
0.818297
1.473765
1.079034
1.471353
0.921462
0.772670
1.056416
1.487554
0.776011
0.725313
1.234958
0.642130
0.730207
1.198902
0.892970
1.481683
0.703597
0.909740
1.292126
0.887818
0.796615
0.908686
1.625515
1.474979
0.581910
0.934940
1.624802
0.600091
1.832883
0.864907
2.113425
1.001973
1.398296
1.441522
0.544322
1.044823
1.080415
