9.400000000000000000e+01 6.511669999999999625e+00 2.000000000000000000e+00
9.300000000000000000e+01 6.492510000000000225e+00 2.000000000000000000e+00
9.400000000000000000e+01 6.471250000000000391e+00 2.000000000000000000e+00
9.400000000000000000e+01 6.521659999999999791e+00 2.000000000000000000e+00
9.400000000000000000e+01 6.517290000000000028e+00 2.000000000000000000e+00
9.400000000000000000e+01 6.493000000000000327e+00 2.000000000000000000e+00
9.400000000000000000e+01 6.484919999999999796e+00 2.000000000000000000e+00
9.300000000000000000e+01 6.522260000000000169e+00 2.000000000000000000e+00
9.400000000000000000e+01 6.484960000000000058e+00 2.000000000000000000e+00
9.400000000000000000e+01 6.480369999999999742e+00 2.000000000000000000e+00
9.400000000000000000e+01 6.424290000000000056e+00 3.000000000000000000e+00
9.300000000000000000e+01 6.424870000000000303e+00 3.000000000000000000e+00
9.300000000000000000e+01 6.458219999999999850e+00 3.000000000000000000e+00
9.400000000000000000e+01 6.433370000000000033e+00 3.000000000000000000e+00
9.300000000000000000e+01 6.405009999999999870e+00 3.000000000000000000e+00
9.400000000000000000e+01 6.427710000000000257e+00 3.000000000000000000e+00
9.400000000000000000e+01 6.431420000000000137e+00 3.000000000000000000e+00
9.400000000000000000e+01 6.436099999999999710e+00 3.000000000000000000e+00
9.400000000000000000e+01 6.423119999999999941e+00 3.000000000000000000e+00
9.400000000000000000e+01 6.410529999999999617e+00 3.000000000000000000e+00
9.300000000000000000e+01 6.402639999999999887e+00 4.000000000000000000e+00
9.400000000000000000e+01 6.379690000000000083e+00 4.000000000000000000e+00
9.400000000000000000e+01 6.418879999999999697e+00 4.000000000000000000e+00
9.400000000000000000e+01 6.359110000000000262e+00 4.000000000000000000e+00
9.400000000000000000e+01 6.380950000000000344e+00 4.000000000000000000e+00
9.400000000000000000e+01 6.404370000000000118e+00 4.000000000000000000e+00
9.300000000000000000e+01 6.382380000000000386e+00 4.000000000000000000e+00
9.300000000000000000e+01 6.385839999999999961e+00 4.000000000000000000e+00
9.400000000000000000e+01 6.359709999999999752e+00 4.000000000000000000e+00
9.400000000000000000e+01 6.397529999999999717e+00 4.000000000000000000e+00
9.400000000000000000e+01 6.228580000000000005e+00 5.000000000000000000e+00
9.400000000000000000e+01 6.259830000000000005e+00 5.000000000000000000e+00
9.400000000000000000e+01 6.279510000000000147e+00 5.000000000000000000e+00
9.400000000000000000e+01 6.276379999999999626e+00 5.000000000000000000e+00
9.400000000000000000e+01 6.259430000000000049e+00 5.000000000000000000e+00
9.300000000000000000e+01 6.281460000000000043e+00 5.000000000000000000e+00
9.400000000000000000e+01 6.287600000000000300e+00 5.000000000000000000e+00
9.400000000000000000e+01 6.263169999999999682e+00 5.000000000000000000e+00
9.400000000000000000e+01 6.289279999999999760e+00 5.000000000000000000e+00
9.400000000000000000e+01 6.314510000000000289e+00 5.000000000000000000e+00
9.400000000000000000e+01 6.124649999999999928e+00 6.000000000000000000e+00
9.400000000000000000e+01 6.125169999999999781e+00 6.000000000000000000e+00
9.400000000000000000e+01 6.090970000000000439e+00 6.000000000000000000e+00
9.400000000000000000e+01 6.091929999999999623e+00 6.000000000000000000e+00
9.400000000000000000e+01 6.119060000000000166e+00 6.000000000000000000e+00
9.400000000000000000e+01 6.101659999999999862e+00 6.000000000000000000e+00
9.400000000000000000e+01 6.124270000000000103e+00 6.000000000000000000e+00
9.400000000000000000e+01 6.123809999999999754e+00 6.000000000000000000e+00
9.400000000000000000e+01 6.103699999999999903e+00 6.000000000000000000e+00
9.400000000000000000e+01 6.126789999999999736e+00 6.000000000000000000e+00
9.300000000000000000e+01 5.987949999999999662e+00 7.000000000000000000e+00
9.300000000000000000e+01 5.985430000000000028e+00 7.000000000000000000e+00
9.300000000000000000e+01 5.958840000000000359e+00 7.000000000000000000e+00
9.300000000000000000e+01 6.001100000000000101e+00 7.000000000000000000e+00
9.300000000000000000e+01 6.005910000000000082e+00 7.000000000000000000e+00
9.300000000000000000e+01 5.937050000000000161e+00 7.000000000000000000e+00
9.300000000000000000e+01 5.993750000000000355e+00 7.000000000000000000e+00
9.300000000000000000e+01 6.002299999999999969e+00 7.000000000000000000e+00
9.300000000000000000e+01 5.942849999999999966e+00 7.000000000000000000e+00
9.300000000000000000e+01 5.984619999999999607e+00 7.000000000000000000e+00
9.300000000000000000e+01 5.845919999999999561e+00 8.000000000000000000e+00
9.300000000000000000e+01 5.850789999999999935e+00 8.000000000000000000e+00
9.300000000000000000e+01 5.874349999999999739e+00 8.000000000000000000e+00
9.300000000000000000e+01 5.854499999999999815e+00 8.000000000000000000e+00
9.200000000000000000e+01 5.866349999999999731e+00 8.000000000000000000e+00
9.300000000000000000e+01 5.842240000000000322e+00 8.000000000000000000e+00
9.300000000000000000e+01 5.859720000000000262e+00 8.000000000000000000e+00
9.300000000000000000e+01 5.858329999999999593e+00 8.000000000000000000e+00
9.300000000000000000e+01 5.899980000000000224e+00 8.000000000000000000e+00
9.300000000000000000e+01 5.873980000000000423e+00 8.000000000000000000e+00
9.200000000000000000e+01 5.759280000000000399e+00 9.000000000000000000e+00
9.200000000000000000e+01 5.737370000000000303e+00 9.000000000000000000e+00
9.200000000000000000e+01 5.782110000000000305e+00 9.000000000000000000e+00
9.200000000000000000e+01 5.775240000000000151e+00 9.000000000000000000e+00
9.300000000000000000e+01 5.754719999999999835e+00 9.000000000000000000e+00
9.200000000000000000e+01 5.740479999999999805e+00 9.000000000000000000e+00
9.200000000000000000e+01 5.728819999999999801e+00 9.000000000000000000e+00
9.200000000000000000e+01 5.761930000000000440e+00 9.000000000000000000e+00
9.200000000000000000e+01 5.706310000000000215e+00 9.000000000000000000e+00
9.200000000000000000e+01 5.753529999999999589e+00 9.000000000000000000e+00
9.200000000000000000e+01 5.683089999999999975e+00 1.000000000000000000e+01
9.100000000000000000e+01 5.663160000000000416e+00 1.000000000000000000e+01
9.100000000000000000e+01 5.667620000000000324e+00 1.000000000000000000e+01
9.200000000000000000e+01 5.655840000000000423e+00 1.000000000000000000e+01
9.200000000000000000e+01 5.628720000000000390e+00 1.000000000000000000e+01
9.200000000000000000e+01 5.655020000000000380e+00 1.000000000000000000e+01
9.100000000000000000e+01 5.657449999999999868e+00 1.000000000000000000e+01
9.200000000000000000e+01 5.662119999999999820e+00 1.000000000000000000e+01
9.200000000000000000e+01 5.653839999999999755e+00 1.000000000000000000e+01
9.200000000000000000e+01 5.654819999999999958e+00 1.000000000000000000e+01
9.100000000000000000e+01 5.589979999999999727e+00 1.100000000000000000e+01
9.200000000000000000e+01 5.586240000000000094e+00 1.100000000000000000e+01
9.100000000000000000e+01 5.559980000000000366e+00 1.100000000000000000e+01
9.100000000000000000e+01 5.551169999999999938e+00 1.100000000000000000e+01
9.100000000000000000e+01 5.549409999999999954e+00 1.100000000000000000e+01
9.200000000000000000e+01 5.564840000000000231e+00 1.100000000000000000e+01
9.100000000000000000e+01 5.601569999999999716e+00 1.100000000000000000e+01
9.200000000000000000e+01 5.562160000000000437e+00 1.100000000000000000e+01
9.100000000000000000e+01 5.566250000000000142e+00 1.100000000000000000e+01
9.100000000000000000e+01 5.565780000000000172e+00 1.100000000000000000e+01
9.000000000000000000e+01 5.487289999999999779e+00 1.200000000000000000e+01
9.100000000000000000e+01 5.468639999999999723e+00 1.200000000000000000e+01
9.100000000000000000e+01 5.509330000000000283e+00 1.200000000000000000e+01
9.100000000000000000e+01 5.477940000000000254e+00 1.200000000000000000e+01
9.000000000000000000e+01 5.487619999999999720e+00 1.200000000000000000e+01
9.000000000000000000e+01 5.447070000000000078e+00 1.200000000000000000e+01
9.100000000000000000e+01 5.496839999999999726e+00 1.200000000000000000e+01
9.100000000000000000e+01 5.442210000000000214e+00 1.200000000000000000e+01
9.100000000000000000e+01 5.475369999999999848e+00 1.200000000000000000e+01
9.100000000000000000e+01 5.439829999999999721e+00 1.200000000000000000e+01
9.000000000000000000e+01 5.393919999999999604e+00 1.300000000000000000e+01
9.100000000000000000e+01 5.408559999999999590e+00 1.300000000000000000e+01
9.000000000000000000e+01 5.405369999999999564e+00 1.300000000000000000e+01
9.000000000000000000e+01 5.408220000000000027e+00 1.300000000000000000e+01
9.000000000000000000e+01 5.433309999999999640e+00 1.300000000000000000e+01
9.000000000000000000e+01 5.415650000000000297e+00 1.300000000000000000e+01
9.000000000000000000e+01 5.381929999999999659e+00 1.300000000000000000e+01
9.000000000000000000e+01 5.417370000000000019e+00 1.300000000000000000e+01
9.000000000000000000e+01 5.416549999999999976e+00 1.300000000000000000e+01
9.000000000000000000e+01 5.397479999999999833e+00 1.300000000000000000e+01
9.000000000000000000e+01 5.291710000000000136e+00 1.400000000000000000e+01
9.000000000000000000e+01 5.346580000000000332e+00 1.400000000000000000e+01
8.900000000000000000e+01 5.347010000000000041e+00 1.400000000000000000e+01
9.000000000000000000e+01 5.311849999999999739e+00 1.400000000000000000e+01
9.000000000000000000e+01 5.324290000000000411e+00 1.400000000000000000e+01
9.000000000000000000e+01 5.321589999999999598e+00 1.400000000000000000e+01
9.000000000000000000e+01 5.345760000000000289e+00 1.400000000000000000e+01
9.000000000000000000e+01 5.337629999999999875e+00 1.400000000000000000e+01
9.000000000000000000e+01 5.330020000000000202e+00 1.400000000000000000e+01
9.000000000000000000e+01 5.320750000000000313e+00 1.400000000000000000e+01
8.900000000000000000e+01 5.256310000000000038e+00 1.500000000000000000e+01
8.900000000000000000e+01 5.295149999999999579e+00 1.500000000000000000e+01
8.900000000000000000e+01 5.253059999999999619e+00 1.500000000000000000e+01
8.900000000000000000e+01 5.299850000000000172e+00 1.500000000000000000e+01
8.900000000000000000e+01 5.266759999999999664e+00 1.500000000000000000e+01
8.900000000000000000e+01 5.262369999999999770e+00 1.500000000000000000e+01
8.900000000000000000e+01 5.267039999999999722e+00 1.500000000000000000e+01
8.900000000000000000e+01 5.270609999999999573e+00 1.500000000000000000e+01
8.900000000000000000e+01 5.248639999999999972e+00 1.500000000000000000e+01
8.900000000000000000e+01 5.273799999999999599e+00 1.500000000000000000e+01
8.800000000000000000e+01 5.220640000000000391e+00 1.600000000000000000e+01
8.900000000000000000e+01 5.230739999999999945e+00 1.600000000000000000e+01
8.800000000000000000e+01 5.187179999999999680e+00 1.600000000000000000e+01
8.900000000000000000e+01 5.217830000000000190e+00 1.600000000000000000e+01
8.900000000000000000e+01 5.204649999999999999e+00 1.600000000000000000e+01
8.900000000000000000e+01 5.218029999999999724e+00 1.600000000000000000e+01
8.800000000000000000e+01 5.241900000000000226e+00 1.600000000000000000e+01
8.900000000000000000e+01 5.205239999999999867e+00 1.600000000000000000e+01
8.900000000000000000e+01 5.203619999999999912e+00 1.600000000000000000e+01
8.900000000000000000e+01 5.227039999999999687e+00 1.600000000000000000e+01
8.800000000000000000e+01 5.182470000000000354e+00 1.700000000000000000e+01
8.800000000000000000e+01 5.164570000000000327e+00 1.700000000000000000e+01
8.800000000000000000e+01 5.180290000000000283e+00 1.700000000000000000e+01
8.900000000000000000e+01 5.179730000000000167e+00 1.700000000000000000e+01
8.800000000000000000e+01 5.184779999999999944e+00 1.700000000000000000e+01
8.800000000000000000e+01 5.117759999999999643e+00 1.700000000000000000e+01
8.900000000000000000e+01 5.163330000000000197e+00 1.700000000000000000e+01
8.800000000000000000e+01 5.137260000000000382e+00 1.700000000000000000e+01
8.900000000000000000e+01 5.180850000000000399e+00 1.700000000000000000e+01
8.800000000000000000e+01 5.172769999999999868e+00 1.700000000000000000e+01
8.800000000000000000e+01 5.119629999999999903e+00 1.800000000000000000e+01
8.800000000000000000e+01 5.116719999999999935e+00 1.800000000000000000e+01
8.700000000000000000e+01 5.155879999999999797e+00 1.800000000000000000e+01
8.700000000000000000e+01 5.126680000000000348e+00 1.800000000000000000e+01
8.800000000000000000e+01 5.100229999999999819e+00 1.800000000000000000e+01
8.900000000000000000e+01 5.143460000000000143e+00 1.800000000000000000e+01
8.800000000000000000e+01 5.126190000000000246e+00 1.800000000000000000e+01
8.800000000000000000e+01 5.104639999999999844e+00 1.800000000000000000e+01
8.800000000000000000e+01 5.145310000000000272e+00 1.800000000000000000e+01
8.700000000000000000e+01 5.130700000000000038e+00 1.800000000000000000e+01
8.700000000000000000e+01 5.065760000000000041e+00 1.900000000000000000e+01
8.800000000000000000e+01 5.103390000000000093e+00 1.900000000000000000e+01
8.700000000000000000e+01 5.086159999999999570e+00 1.900000000000000000e+01
8.800000000000000000e+01 5.076590000000000380e+00 1.900000000000000000e+01
8.700000000000000000e+01 5.043599999999999639e+00 1.900000000000000000e+01
8.800000000000000000e+01 5.086750000000000327e+00 1.900000000000000000e+01
8.800000000000000000e+01 5.110019999999999563e+00 1.900000000000000000e+01
8.800000000000000000e+01 5.094759999999999955e+00 1.900000000000000000e+01
8.800000000000000000e+01 5.055209999999999759e+00 1.900000000000000000e+01
8.700000000000000000e+01 5.069720000000000226e+00 1.900000000000000000e+01
8.600000000000000000e+01 5.045230000000000103e+00 2.000000000000000000e+01
8.800000000000000000e+01 5.040300000000000225e+00 2.000000000000000000e+01
8.600000000000000000e+01 5.046590000000000131e+00 2.000000000000000000e+01
8.700000000000000000e+01 5.047349999999999781e+00 2.000000000000000000e+01
8.800000000000000000e+01 5.042430000000000412e+00 2.000000000000000000e+01
8.700000000000000000e+01 5.057369999999999699e+00 2.000000000000000000e+01
8.700000000000000000e+01 5.025509999999999700e+00 2.000000000000000000e+01
8.600000000000000000e+01 5.047480000000000189e+00 2.000000000000000000e+01
8.700000000000000000e+01 5.055519999999999570e+00 2.000000000000000000e+01
8.700000000000000000e+01 5.060810000000000031e+00 2.000000000000000000e+01
8.700000000000000000e+01 5.007659999999999556e+00 2.100000000000000000e+01
8.700000000000000000e+01 5.026180000000000092e+00 2.100000000000000000e+01
8.600000000000000000e+01 5.029379999999999740e+00 2.100000000000000000e+01
8.700000000000000000e+01 5.013390000000000235e+00 2.100000000000000000e+01
8.600000000000000000e+01 5.028139999999999610e+00 2.100000000000000000e+01
8.600000000000000000e+01 5.013440000000000119e+00 2.100000000000000000e+01
8.600000000000000000e+01 5.011449999999999960e+00 2.100000000000000000e+01
8.700000000000000000e+01 5.027750000000000163e+00 2.100000000000000000e+01
8.700000000000000000e+01 5.027140000000000164e+00 2.100000000000000000e+01
8.700000000000000000e+01 5.018239999999999590e+00 2.100000000000000000e+01
8.700000000000000000e+01 5.021679999999999922e+00 2.200000000000000000e+01
8.600000000000000000e+01 4.961839999999999584e+00 2.200000000000000000e+01
8.500000000000000000e+01 4.982020000000000337e+00 2.200000000000000000e+01
8.600000000000000000e+01 4.986100000000000421e+00 2.200000000000000000e+01
8.500000000000000000e+01 4.991100000000000314e+00 2.200000000000000000e+01
8.600000000000000000e+01 4.992300000000000182e+00 2.200000000000000000e+01
8.600000000000000000e+01 5.004069999999999574e+00 2.200000000000000000e+01
8.500000000000000000e+01 4.972760000000000069e+00 2.200000000000000000e+01
8.600000000000000000e+01 4.995910000000000295e+00 2.200000000000000000e+01
8.500000000000000000e+01 4.966239999999999988e+00 2.200000000000000000e+01
8.500000000000000000e+01 4.932430000000000092e+00 2.300000000000000000e+01
8.500000000000000000e+01 4.966669999999999696e+00 2.300000000000000000e+01
8.500000000000000000e+01 4.972710000000000186e+00 2.300000000000000000e+01
8.500000000000000000e+01 4.961159999999999570e+00 2.300000000000000000e+01
8.500000000000000000e+01 4.960689999999999600e+00 2.300000000000000000e+01
8.500000000000000000e+01 4.971110000000000362e+00 2.300000000000000000e+01
8.500000000000000000e+01 4.921770000000000422e+00 2.300000000000000000e+01
8.600000000000000000e+01 4.963110000000000355e+00 2.300000000000000000e+01
8.600000000000000000e+01 4.969549999999999912e+00 2.300000000000000000e+01
8.600000000000000000e+01 4.953039999999999665e+00 2.300000000000000000e+01
8.500000000000000000e+01 4.937909999999999577e+00 2.400000000000000000e+01
8.400000000000000000e+01 4.939879999999999605e+00 2.400000000000000000e+01
8.500000000000000000e+01 4.932800000000000296e+00 2.400000000000000000e+01
8.400000000000000000e+01 4.940290000000000070e+00 2.400000000000000000e+01
8.500000000000000000e+01 4.949609999999999843e+00 2.400000000000000000e+01
8.500000000000000000e+01 4.948489999999999611e+00 2.400000000000000000e+01
8.500000000000000000e+01 4.954439999999999955e+00 2.400000000000000000e+01
8.500000000000000000e+01 4.933419999999999916e+00 2.400000000000000000e+01
8.400000000000000000e+01 4.950429999999999886e+00 2.400000000000000000e+01
8.500000000000000000e+01 4.945859999999999701e+00 2.400000000000000000e+01
8.500000000000000000e+01 4.921179999999999666e+00 2.500000000000000000e+01
8.300000000000000000e+01 4.912300000000000111e+00 2.500000000000000000e+01
8.300000000000000000e+01 4.931239999999999846e+00 2.500000000000000000e+01
8.300000000000000000e+01 4.917950000000000266e+00 2.500000000000000000e+01
8.600000000000000000e+01 4.923739999999999561e+00 2.500000000000000000e+01
8.500000000000000000e+01 4.936770000000000103e+00 2.500000000000000000e+01
8.400000000000000000e+01 4.915219999999999700e+00 2.500000000000000000e+01
8.500000000000000000e+01 4.936790000000000234e+00 2.500000000000000000e+01
8.400000000000000000e+01 4.906380000000000408e+00 2.500000000000000000e+01
8.400000000000000000e+01 4.920849999999999724e+00 2.500000000000000000e+01
8.300000000000000000e+01 4.895570000000000199e+00 2.600000000000000000e+01
8.400000000000000000e+01 4.905359999999999943e+00 2.600000000000000000e+01
8.400000000000000000e+01 4.877880000000000216e+00 2.600000000000000000e+01
8.500000000000000000e+01 4.914170000000000371e+00 2.600000000000000000e+01
8.300000000000000000e+01 4.897680000000000256e+00 2.600000000000000000e+01
8.400000000000000000e+01 4.879179999999999851e+00 2.600000000000000000e+01
8.400000000000000000e+01 4.876219999999999999e+00 2.600000000000000000e+01
8.300000000000000000e+01 4.893900000000000361e+00 2.600000000000000000e+01
8.400000000000000000e+01 4.877790000000000070e+00 2.600000000000000000e+01
8.300000000000000000e+01 4.894910000000000316e+00 2.600000000000000000e+01
8.500000000000000000e+01 4.865990000000000038e+00 2.700000000000000000e+01
8.400000000000000000e+01 4.887780000000000236e+00 2.700000000000000000e+01
8.200000000000000000e+01 4.870300000000000296e+00 2.700000000000000000e+01
8.400000000000000000e+01 4.871620000000000061e+00 2.700000000000000000e+01
8.300000000000000000e+01 4.891890000000000072e+00 2.700000000000000000e+01
8.300000000000000000e+01 4.881140000000000256e+00 2.700000000000000000e+01
8.300000000000000000e+01 4.873969999999999914e+00 2.700000000000000000e+01
8.400000000000000000e+01 4.898170000000000357e+00 2.700000000000000000e+01
8.300000000000000000e+01 4.862409999999999677e+00 2.700000000000000000e+01
8.300000000000000000e+01 4.873870000000000147e+00 2.700000000000000000e+01
8.400000000000000000e+01 4.875770000000000159e+00 2.800000000000000000e+01
8.300000000000000000e+01 4.862429999999999808e+00 2.800000000000000000e+01
8.300000000000000000e+01 4.858859999999999957e+00 2.800000000000000000e+01
8.100000000000000000e+01 4.881789999999999630e+00 2.800000000000000000e+01
8.200000000000000000e+01 4.866909999999999847e+00 2.800000000000000000e+01
8.300000000000000000e+01 4.864200000000000301e+00 2.800000000000000000e+01
8.300000000000000000e+01 4.882179999999999964e+00 2.800000000000000000e+01
8.300000000000000000e+01 4.863769999999999705e+00 2.800000000000000000e+01
8.400000000000000000e+01 4.850909999999999833e+00 2.800000000000000000e+01
8.200000000000000000e+01 4.880010000000000403e+00 2.800000000000000000e+01
8.200000000000000000e+01 4.842909999999999826e+00 2.900000000000000000e+01
8.200000000000000000e+01 4.852789999999999715e+00 2.900000000000000000e+01
8.300000000000000000e+01 4.840919999999999668e+00 2.900000000000000000e+01
8.200000000000000000e+01 4.852420000000000400e+00 2.900000000000000000e+01
8.300000000000000000e+01 4.844739999999999824e+00 2.900000000000000000e+01
8.200000000000000000e+01 4.833890000000000242e+00 2.900000000000000000e+01
8.400000000000000000e+01 4.848810000000000286e+00 2.900000000000000000e+01
8.400000000000000000e+01 4.857059999999999711e+00 2.900000000000000000e+01
8.400000000000000000e+01 4.850719999999999921e+00 2.900000000000000000e+01
8.200000000000000000e+01 4.865289999999999893e+00 2.900000000000000000e+01
8.200000000000000000e+01 4.817160000000000331e+00 3.000000000000000000e+01
8.000000000000000000e+01 4.820350000000000357e+00 3.000000000000000000e+01
8.100000000000000000e+01 4.853670000000000151e+00 3.000000000000000000e+01
8.300000000000000000e+01 4.825389999999999624e+00 3.000000000000000000e+01
8.100000000000000000e+01 4.844990000000000130e+00 3.000000000000000000e+01
8.000000000000000000e+01 4.830840000000000245e+00 3.000000000000000000e+01
8.300000000000000000e+01 4.825610000000000177e+00 3.000000000000000000e+01
8.100000000000000000e+01 4.827659999999999840e+00 3.000000000000000000e+01
8.200000000000000000e+01 4.838289999999999758e+00 3.000000000000000000e+01
8.100000000000000000e+01 4.824589999999999712e+00 3.000000000000000000e+01
