9.900000000000000000e+01 1.002600000000000019e-01 1.000000000000000056e-01
9.900000000000000000e+01 1.021600000000000008e-01 1.000000000000000056e-01
9.900000000000000000e+01 1.021600000000000008e-01 1.000000000000000056e-01
9.900000000000000000e+01 1.021600000000000008e-01 1.000000000000000056e-01
9.900000000000000000e+01 1.021600000000000008e-01 1.000000000000000056e-01
9.900000000000000000e+01 1.021600000000000008e-01 1.000000000000000056e-01
9.900000000000000000e+01 1.009800000000000003e-01 1.000000000000000056e-01
9.900000000000000000e+01 1.009800000000000003e-01 1.000000000000000056e-01
9.900000000000000000e+01 1.009800000000000003e-01 1.000000000000000056e-01
9.900000000000000000e+01 1.009800000000000003e-01 1.000000000000000056e-01
9.900000000000000000e+01 1.538899999999999990e-01 1.500000000000000222e-01
9.900000000000000000e+01 1.530100000000000071e-01 1.500000000000000222e-01
9.900000000000000000e+01 1.530100000000000071e-01 1.500000000000000222e-01
9.900000000000000000e+01 1.530100000000000071e-01 1.500000000000000222e-01
9.900000000000000000e+01 1.530100000000000071e-01 1.500000000000000222e-01
9.900000000000000000e+01 1.530100000000000071e-01 1.500000000000000222e-01
9.900000000000000000e+01 1.524600000000000122e-01 1.500000000000000222e-01
9.900000000000000000e+01 1.524600000000000122e-01 1.500000000000000222e-01
9.900000000000000000e+01 1.524600000000000122e-01 1.500000000000000222e-01
9.900000000000000000e+01 1.524600000000000122e-01 1.500000000000000222e-01
9.900000000000000000e+01 2.105799999999999894e-01 2.000000000000000111e-01
9.900000000000000000e+01 2.105799999999999894e-01 2.000000000000000111e-01
9.900000000000000000e+01 2.105799999999999894e-01 2.000000000000000111e-01
9.900000000000000000e+01 2.105799999999999894e-01 2.000000000000000111e-01
9.900000000000000000e+01 2.087299999999999989e-01 2.000000000000000111e-01
9.900000000000000000e+01 2.087299999999999989e-01 2.000000000000000111e-01
9.900000000000000000e+01 2.087299999999999989e-01 2.000000000000000111e-01
9.900000000000000000e+01 2.087299999999999989e-01 2.000000000000000111e-01
9.900000000000000000e+01 2.110899999999999999e-01 2.000000000000000111e-01
9.900000000000000000e+01 2.110899999999999999e-01 2.000000000000000111e-01
9.900000000000000000e+01 2.701299999999999812e-01 2.500000000000000000e-01
9.900000000000000000e+01 2.701299999999999812e-01 2.500000000000000000e-01
9.900000000000000000e+01 2.690100000000000269e-01 2.500000000000000000e-01
9.900000000000000000e+01 2.690100000000000269e-01 2.500000000000000000e-01
9.900000000000000000e+01 2.690100000000000269e-01 2.500000000000000000e-01
9.900000000000000000e+01 2.690100000000000269e-01 2.500000000000000000e-01
9.900000000000000000e+01 2.702300000000000257e-01 2.500000000000000000e-01
9.900000000000000000e+01 2.702300000000000257e-01 2.500000000000000000e-01
9.900000000000000000e+01 2.702300000000000257e-01 2.500000000000000000e-01
9.900000000000000000e+01 2.673599999999999866e-01 2.500000000000000000e-01
9.900000000000000000e+01 3.370400000000000063e-01 2.999999999999999889e-01
9.900000000000000000e+01 3.370400000000000063e-01 2.999999999999999889e-01
9.900000000000000000e+01 3.370400000000000063e-01 2.999999999999999889e-01
9.900000000000000000e+01 3.374699999999999922e-01 2.999999999999999889e-01
9.900000000000000000e+01 3.374699999999999922e-01 2.999999999999999889e-01
9.900000000000000000e+01 3.374699999999999922e-01 2.999999999999999889e-01
9.900000000000000000e+01 3.392700000000000160e-01 2.999999999999999889e-01
9.900000000000000000e+01 3.392700000000000160e-01 2.999999999999999889e-01
9.900000000000000000e+01 3.392700000000000160e-01 2.999999999999999889e-01
9.900000000000000000e+01 3.362200000000000188e-01 2.999999999999999889e-01
9.900000000000000000e+01 4.127799999999999803e-01 3.499999999999999778e-01
9.900000000000000000e+01 4.127799999999999803e-01 3.499999999999999778e-01
9.900000000000000000e+01 4.174599999999999977e-01 3.499999999999999778e-01
9.900000000000000000e+01 4.174599999999999977e-01 3.499999999999999778e-01
9.900000000000000000e+01 4.174599999999999977e-01 3.499999999999999778e-01
9.900000000000000000e+01 4.135599999999999832e-01 3.499999999999999778e-01
9.900000000000000000e+01 4.135599999999999832e-01 3.499999999999999778e-01
9.900000000000000000e+01 4.135599999999999832e-01 3.499999999999999778e-01
9.900000000000000000e+01 4.131099999999999772e-01 3.499999999999999778e-01
9.900000000000000000e+01 4.131099999999999772e-01 3.499999999999999778e-01
9.900000000000000000e+01 5.065300000000000358e-01 3.999999999999999667e-01
9.900000000000000000e+01 5.101400000000000379e-01 3.999999999999999667e-01
9.900000000000000000e+01 5.101400000000000379e-01 3.999999999999999667e-01
9.900000000000000000e+01 5.027000000000000357e-01 3.999999999999999667e-01
9.900000000000000000e+01 5.027000000000000357e-01 3.999999999999999667e-01
9.900000000000000000e+01 5.027000000000000357e-01 3.999999999999999667e-01
9.900000000000000000e+01 5.091099999999999515e-01 3.999999999999999667e-01
9.900000000000000000e+01 5.091099999999999515e-01 3.999999999999999667e-01
9.900000000000000000e+01 5.091099999999999515e-01 3.999999999999999667e-01
9.900000000000000000e+01 5.073999999999999622e-01 3.999999999999999667e-01
9.900000000000000000e+01 6.152199999999999891e-01 4.499999999999999556e-01
9.900000000000000000e+01 6.139000000000000012e-01 4.499999999999999556e-01
9.900000000000000000e+01 6.139000000000000012e-01 4.499999999999999556e-01
9.900000000000000000e+01 6.127399999999999514e-01 4.499999999999999556e-01
9.900000000000000000e+01 6.127399999999999514e-01 4.499999999999999556e-01
9.900000000000000000e+01 6.127399999999999514e-01 4.499999999999999556e-01
9.900000000000000000e+01 6.117700000000000360e-01 4.499999999999999556e-01
9.900000000000000000e+01 6.117700000000000360e-01 4.499999999999999556e-01
9.900000000000000000e+01 6.190799999999999637e-01 4.499999999999999556e-01
9.900000000000000000e+01 6.190799999999999637e-01 4.499999999999999556e-01
9.800000000000000000e+01 7.494300000000000406e-01 4.999999999999999445e-01
9.800000000000000000e+01 7.494300000000000406e-01 4.999999999999999445e-01
9.900000000000000000e+01 7.437300000000000022e-01 4.999999999999999445e-01
9.900000000000000000e+01 7.437300000000000022e-01 4.999999999999999445e-01
9.900000000000000000e+01 7.462600000000000344e-01 4.999999999999999445e-01
9.900000000000000000e+01 7.462600000000000344e-01 4.999999999999999445e-01
9.800000000000000000e+01 7.492400000000000171e-01 4.999999999999999445e-01
9.800000000000000000e+01 7.492400000000000171e-01 4.999999999999999445e-01
9.900000000000000000e+01 7.474600000000000133e-01 4.999999999999999445e-01
9.900000000000000000e+01 7.474600000000000133e-01 4.999999999999999445e-01
9.800000000000000000e+01 8.849200000000000399e-01 5.499999999999999334e-01
9.800000000000000000e+01 8.849200000000000399e-01 5.499999999999999334e-01
9.800000000000000000e+01 8.874699999999999811e-01 5.499999999999999334e-01
9.800000000000000000e+01 8.874699999999999811e-01 5.499999999999999334e-01
9.800000000000000000e+01 8.932099999999999485e-01 5.499999999999999334e-01
9.800000000000000000e+01 8.932099999999999485e-01 5.499999999999999334e-01
9.800000000000000000e+01 8.929700000000000415e-01 5.499999999999999334e-01
9.800000000000000000e+01 8.929700000000000415e-01 5.499999999999999334e-01
9.800000000000000000e+01 8.953499999999999792e-01 5.499999999999999334e-01
9.800000000000000000e+01 8.953499999999999792e-01 5.499999999999999334e-01
9.800000000000000000e+01 1.065770000000000106e+00 5.999999999999999778e-01
9.800000000000000000e+01 1.072610000000000063e+00 5.999999999999999778e-01
9.800000000000000000e+01 1.072610000000000063e+00 5.999999999999999778e-01
9.800000000000000000e+01 1.069839999999999902e+00 5.999999999999999778e-01
9.800000000000000000e+01 1.069839999999999902e+00 5.999999999999999778e-01
9.800000000000000000e+01 1.061660000000000048e+00 5.999999999999999778e-01
9.800000000000000000e+01 1.061660000000000048e+00 5.999999999999999778e-01
9.800000000000000000e+01 1.070599999999999996e+00 5.999999999999999778e-01
9.800000000000000000e+01 1.068510000000000071e+00 5.999999999999999778e-01
9.800000000000000000e+01 1.068510000000000071e+00 5.999999999999999778e-01
9.800000000000000000e+01 1.303150000000000031e+00 6.500000000000000222e-01
9.800000000000000000e+01 1.303150000000000031e+00 6.500000000000000222e-01
9.800000000000000000e+01 1.308629999999999960e+00 6.500000000000000222e-01
9.800000000000000000e+01 1.303060000000000107e+00 6.500000000000000222e-01
9.800000000000000000e+01 1.303060000000000107e+00 6.500000000000000222e-01
9.800000000000000000e+01 1.308969999999999967e+00 6.500000000000000222e-01
9.800000000000000000e+01 1.308969999999999967e+00 6.500000000000000222e-01
9.800000000000000000e+01 1.315930000000000044e+00 6.500000000000000222e-01
9.800000000000000000e+01 1.318419999999999925e+00 6.500000000000000222e-01
9.800000000000000000e+01 1.318419999999999925e+00 6.500000000000000222e-01
9.800000000000000000e+01 1.647399999999999975e+00 7.000000000000000666e-01
9.800000000000000000e+01 1.648519999999999985e+00 7.000000000000000666e-01
9.800000000000000000e+01 1.648519999999999985e+00 7.000000000000000666e-01
9.800000000000000000e+01 1.645450000000000079e+00 7.000000000000000666e-01
9.800000000000000000e+01 1.641629999999999923e+00 7.000000000000000666e-01
9.800000000000000000e+01 1.641629999999999923e+00 7.000000000000000666e-01
9.800000000000000000e+01 1.654379999999999962e+00 7.000000000000000666e-01
9.800000000000000000e+01 1.652660000000000018e+00 7.000000000000000666e-01
9.800000000000000000e+01 1.652660000000000018e+00 7.000000000000000666e-01
9.800000000000000000e+01 1.644859999999999989e+00 7.000000000000000666e-01
9.800000000000000000e+01 2.165249999999999897e+00 7.500000000000001110e-01
9.800000000000000000e+01 2.165249999999999897e+00 7.500000000000001110e-01
9.800000000000000000e+01 2.165410000000000057e+00 7.500000000000001110e-01
9.800000000000000000e+01 2.143949999999999800e+00 7.500000000000001110e-01
9.800000000000000000e+01 2.159170000000000034e+00 7.500000000000001110e-01
9.800000000000000000e+01 2.147009999999999863e+00 7.500000000000001110e-01
9.800000000000000000e+01 2.147009999999999863e+00 7.500000000000001110e-01
9.800000000000000000e+01 2.164060000000000095e+00 7.500000000000001110e-01
9.800000000000000000e+01 2.159940000000000193e+00 7.500000000000001110e-01
9.800000000000000000e+01 2.151609999999999800e+00 7.500000000000001110e-01
9.700000000000000000e+01 2.946619999999999795e+00 8.000000000000001554e-01
9.700000000000000000e+01 2.946619999999999795e+00 8.000000000000001554e-01
9.700000000000000000e+01 2.952109999999999790e+00 8.000000000000001554e-01
9.700000000000000000e+01 2.939369999999999816e+00 8.000000000000001554e-01
9.700000000000000000e+01 2.946670000000000122e+00 8.000000000000001554e-01
9.700000000000000000e+01 2.941889999999999894e+00 8.000000000000001554e-01
9.700000000000000000e+01 2.939169999999999838e+00 8.000000000000001554e-01
9.700000000000000000e+01 2.946689999999999809e+00 8.000000000000001554e-01
9.700000000000000000e+01 2.946689999999999809e+00 8.000000000000001554e-01
9.700000000000000000e+01 2.965829999999999966e+00 8.000000000000001554e-01
9.600000000000000000e+01 4.151410000000000267e+00 8.500000000000001998e-01
9.600000000000000000e+01 4.173689999999999678e+00 8.500000000000001998e-01
9.600000000000000000e+01 4.161710000000000242e+00 8.500000000000001998e-01
9.600000000000000000e+01 4.172550000000000203e+00 8.500000000000001998e-01
9.600000000000000000e+01 4.162320000000000242e+00 8.500000000000001998e-01
9.600000000000000000e+01 4.161459999999999937e+00 8.500000000000001998e-01
9.600000000000000000e+01 4.123210000000000264e+00 8.500000000000001998e-01
9.600000000000000000e+01 4.126170000000000115e+00 8.500000000000001998e-01
9.600000000000000000e+01 4.142719999999999736e+00 8.500000000000001998e-01
9.600000000000000000e+01 4.194280000000000008e+00 8.500000000000001998e-01
9.400000000000000000e+01 6.490079999999999849e+00 9.000000000000002442e-01
9.400000000000000000e+01 6.514479999999999826e+00 9.000000000000002442e-01
9.400000000000000000e+01 6.472349999999999604e+00 9.000000000000002442e-01
9.400000000000000000e+01 6.450160000000000338e+00 9.000000000000002442e-01
9.300000000000000000e+01 6.489740000000000286e+00 9.000000000000002442e-01
9.400000000000000000e+01 6.486209999999999809e+00 9.000000000000002442e-01
9.400000000000000000e+01 6.505250000000000199e+00 9.000000000000002442e-01
9.400000000000000000e+01 6.505910000000000082e+00 9.000000000000002442e-01
9.400000000000000000e+01 6.497980000000000089e+00 9.000000000000002442e-01
9.400000000000000000e+01 6.468069999999999986e+00 9.000000000000002442e-01
